$ 1 0.000005 22.512744558455275 78 5 50 5e-11
a 240 192 336 192 9 15 -15 1000000 0.000041445381059225434 0 100000
w 208 176 240 176 0
r 240 240 320 240 0 4320
r 352 192 416 192 0 4300
r 432 240 560 240 0 4300
g 208 128 208 80 0 0
w 240 208 240 240 0
w 208 128 208 176 0
w 320 240 336 240 0
w 336 240 336 192 0
a 432 176 592 176 9 15 -15 1000000 -0.00004144455216818207 0 100000
g 432 160 432 80 0 0
w 560 176 560 240 0
p 592 176 592 272 3 0 0
g 592 272 592 336 0 0
w 352 192 336 192 0
w 416 192 432 192 0
w 560 176 592 176 0
w 432 192 432 240 0
d 176 208 240 208 2 default
a 64 208 176 208 9 15 -15 1000000 -0.000004464728635959667 0 100000
g 64 192 64 112 0 0
r 64 272 144 272 0 4320
r -128 128 -64 128 0 4320
r -128 272 -64 272 0 4320
r -352 144 -352 64 0 4320
a -320 128 -128 128 9 15 -15 1000000 0.000004087438542044743 0 100000
a -304 272 -128 272 9 15 -15 1000000 -0.0000037313917113294417 0 100000
g -320 112 -320 48 0 0
g -304 256 -304 192 0 0
w -352 144 -320 144 0
w -352 288 -304 288 0
v -352 16 -352 64 0 0 40 2 0 0 0.5
g -352 16 -352 -32 0 0
w 64 224 -64 224 0
w -64 128 -64 224 0
w -64 272 -64 224 0
w 64 224 64 272 0
w 144 272 176 272 0
w 176 208 176 272 0
d -272 176 -144 176 2 default
w -320 144 -320 176 0
w -320 176 -272 176 0
w -144 176 -128 128 0
w -304 288 -304 320 0
w -128 320 -128 272 0
r -304 320 -144 320 0 4300
a -592 288 -416 288 9 15 -15 1000000 0.0000037314663391636694 0 100000
r -416 288 -352 288 0 4300
g -592 272 -592 176 0 0
r -592 304 -592 512 0 4300
d -592 304 -464 384 2 default
w -464 384 -416 288 0
a -304 -144 -128 -144 9 15 -15 1000000 0.000004089838099264321 0 100000
r -128 -144 -64 128 0 4300
g -304 -160 -304 -240 0 0
v -464 512 -592 512 0 0 40 1 0 0 0.5
g -464 512 -336 512 0 0
d -304 -128 -224 -48 2 default
w -224 -48 -128 -144 0
w -144 320 -128 320 0
r -400 -128 -304 -128 0 4300
v -496 -128 -400 -128 0 0 40 2 0 0 0.5
g -496 -128 -480 -272 0 0
38 0 F1 0 1 20 -1 Max\sOutput
38 0 F1 1 1 1000 -1 Min\sOutput
